0 0.3229613733905579 0.7301025390625 0.08690987124463519 0.039306640625
0 0.49490343347639487 0.4105224609375 0.078862660944206 0.036376953125
0 0.8621244635193133 0.5826416015625 0.06974248927038626 0.031494140625
0 0.5115343347639485 0.5924072265625 0.0713519313304721 0.032958984375
0 0.33664163090128757 0.593994140625 0.07349785407725322 0.03369140625
0 0.1440450643776824 0.601806640625 0.07027896995708155 0.0322265625
0 0.8618562231759657 0.5823974609375 0.07027896995708155 0.031494140625
0 0.32242489270386265 0.72998046875 0.08690987124463519 0.03955078125
0 0.14377682403433475 0.6016845703125 0.07081545064377683 0.032470703125
0 0.677038626609442 0.580078125 0.06437768240343347 0.029296875
