0 0.37339055793991416 0.3714599609375 0.055793991416309016 0.025634765625
0 0.8111587982832618 0.5953369140625 0.07510729613733906 0.034423828125
0 0.8039163090128756 0.5185546875 0.05525751072961373 0.025390625
0 0.411480686695279 0.643798828125 0.07081545064377683 0.03271484375
0 0.1432403433476395 0.511474609375 0.06330472103004292 0.02880859375
0 0.3894849785407725 0.5189208984375 0.06223175965665236 0.028076171875
0 0.16148068669527896 0.796142578125 0.06330472103004292 0.02734375
0 0.5579399141630901 0.34521484375 0.0611587982832618 0.03369140625
0 0.8039163090128756 0.5186767578125 0.054184549356223174 0.025146484375
0 0.3723175965665236 0.3712158203125 0.05686695278969957 0.025634765625
0 0.26207081545064376 0.6029052734375 0.31276824034334766 0.173095703125
