0 0.7339055793991416 0.20654296875 0.07832618025751073 0.0361328125
0 0.23122317596566525 0.228759765625 0.07725321888412018 0.0341796875
0 0.759656652360515 0.3056640625 0.07618025751072961 0.03515625
0 0.7682403433476395 0.5633544921875 0.06437768240343347 0.028564453125
0 0.6633583690987125 0.4661865234375 0.05525751072961373 0.026123046875
0 0.29935622317596566 0.4654541015625 0.0611587982832618 0.027587890625
0 0.25456008583690987 0.6812744140625 0.06598712446351931 0.030029296875
0 0.44018240343347637 0.6121826171875 0.05525751072961373 0.025146484375
0 0.3197424892703863 0.3873291015625 0.05472103004291846 0.025634765625
0 0.17650214592274677 0.7828369140625 0.055793991416309016 0.026123046875
