0 0.2618408203125 0.3471030042918455 0.033935546875 0.07296137339055794
0 0.26025390625 0.8530042918454935 0.03173828125 0.07188841201716738
0 0.3564453125 0.3468347639484978 0.03271484375 0.06920600858369098
0 0.6253662109375 0.5316523605150214 0.025634765625 0.05686695278969957
0 0.4757080078125 0.6875 0.024658203125 0.05525751072961373
0 0.6224365234375 0.17006437768240343 0.021728515625 0.047210300429184546
0 0.40673828125 0.7274678111587983 0.02587890625 0.05472103004291846
0 0.50341796875 0.3159871244635193 0.02587890625 0.055793991416309016
0 0.639404296875 0.8353004291845494 0.0224609375 0.05150214592274678
0 0.794189453125 0.8366416309012875 0.0244140625 0.053111587982832616
0 0.7939453125 0.8363733905579399 0.0244140625 0.0536480686695279
