0 0.256591796875 0.33610515021459225 0.0341796875 0.07242489270386267
0 0.2542724609375 0.8441523605150214 0.031982421875 0.0713519313304721
0 0.3519287109375 0.3374463519313305 0.032958984375 0.06974248927038626
0 0.62060546875 0.5252145922746781 0.025390625 0.05686695278969957
0 0.401611328125 0.7196888412017167 0.02587890625 0.05525751072961373
0 0.4708251953125 0.6797210300429185 0.024658203125 0.05472103004291846
0 0.499267578125 0.30793991416309013 0.02587890625 0.055793991416309016
0 0.618896484375 0.16389484978540772 0.021484375 0.04774678111587983
0 0.6339111328125 0.8283261802575107 0.022216796875 0.05150214592274678
0 0.787841796875 0.8307403433476395 0.02392578125 0.053111587982832616
