0 0.26611328125 0.32778969957081544 0.03369140625 0.07296137339055794
0 0.2637939453125 0.8310085836909871 0.031494140625 0.06974248927038626
0 0.3602294921875 0.328862660944206 0.032470703125 0.06974248927038626
0 0.6280517578125 0.5166309012875536 0.025634765625 0.05686695278969957
0 0.4095458984375 0.7089592274678111 0.025634765625 0.05525751072961373
0 0.478271484375 0.6700643776824035 0.0244140625 0.05472103004291846
0 0.6265869140625 0.1555793991416309 0.021728515625 0.048283261802575105
0 0.6409912109375 0.8194742489270386 0.022216796875 0.050965665236051505
0 0.5068359375 0.2998927038626609 0.02587890625 0.055793991416309016
0 0.7955322265625 0.822961373390558 0.024169921875 0.05257510729613734
0 0.7955322265625 0.822961373390558 0.023681640625 0.05257510729613734
