0 0.2972412109375 0.3717811158798283 0.030029296875 0.06437768240343347
0 0.29833984375 0.8232296137339056 0.0283203125 0.0638412017167382
0 0.3809814453125 0.3677575107296137 0.029052734375 0.06276824034334764
0 0.615478515625 0.5225321888412017 0.0234375 0.05150214592274678
0 0.531005859375 0.2706545064377682 0.0234375 0.049892703862660946
0 0.494384765625 0.7280042918454935 0.02197265625 0.04935622317596566
0 0.4285888671875 0.7111051502145923 0.022705078125 0.049892703862660946
0 0.4908447265625 0.13626609442060086 0.020751953125 0.04291845493562232
0 0.630126953125 0.8149141630901288 0.0224609375 0.05150214592274678
0 0.6217041015625 0.411480686695279 0.019775390625 0.043991416309012876
0 0.7840576171875 0.8739270386266095 0.023193359375 0.05042918454935622
