0 0.30126953125 0.3626609442060086 0.0302734375 0.06545064377682404
0 0.303955078125 0.8135729613733905 0.0283203125 0.0638412017167382
0 0.385009765625 0.35756437768240346 0.029296875 0.06276824034334764
0 0.6201171875 0.5101931330472103 0.0234375 0.05150214592274678
0 0.4334716796875 0.7006437768240343 0.022705078125 0.04935622317596566
0 0.5350341796875 0.25858369098712447 0.023681640625 0.05042918454935622
0 0.6353759765625 0.8017703862660944 0.022216796875 0.050965665236051505
0 0.4993896484375 0.716469957081545 0.022216796875 0.049892703862660946
0 0.494384765625 0.12392703862660945 0.02099609375 0.043991416309012876
0 0.7899169921875 0.8597103004291845 0.023193359375 0.049892703862660946
0 0.626220703125 0.39860515021459225 0.02001953125 0.043991416309012876
