0 0.7258583690987125 0.2008056640625 0.07939914163090128 0.036865234375
0 0.21754291845493562 0.2230224609375 0.07778969957081545 0.034423828125
0 0.7518776824034334 0.3011474609375 0.07671673819742489 0.035400390625
0 0.7612660944206009 0.5631103515625 0.06545064377682404 0.029052734375
0 0.286480686695279 0.4630126953125 0.06223175965665236 0.027587890625
0 0.6553111587982833 0.464599609375 0.05633047210300429 0.0263671875
0 0.23685622317596566 0.6810302734375 0.06706008583690987 0.030517578125
0 0.42757510729613735 0.61181640625 0.055793991416309016 0.025390625
0 0.30793991416309013 0.3839111328125 0.055793991416309016 0.026123046875
0 0.1569206008583691 0.7838134765625 0.05740343347639485 0.026123046875
